1234 1235 1236 1237 1239 1238 1260 1245 1255 1240 1257
1235 1234 1236 1237 1239 1250 1238 1245 1251 1244 1252 1253 1242 1249
1236 1234 1235 1237 1239 1259 1246 1255 1240 1258 1238
1237 1235 1234 1236 1239 1238 1240 1257 1242 1249 1253 1259 1246 1248
1238 1237 1235 1234 1236 1239 1241 1251 1255 1259 1248 
1239 1238 1237 1235 1234 1236 1245 1255 1248 1243
1240 1236 1242 1249 1253 1259 1246 1248 1234 1237
1241 1260 1245 1255 1240 1257 1243 1236 1250 1238
1242 1238 1240 1237 1235 1234 1236 1239 1241 1251 1255 1259 1248 1243
1243 1240 1242 1249 1253 1259 1246 1248 1234 1239 1241 1242
1244 1235 1243 1240 1242 1249 1253 1259 1246 1248 1234
1245 1241 1239 1238 1237 1235 1234 1236 1245 1255 1248 1243
1246 1238 1237 1235 1234 1236 1239 1241 1251 1255 1259 1248 1243 1238 1240
1247 1254 1256 1250 1256
1248 1239 1237 1238 1240 1242 1243 1245 1246
1249 1237 1235 1240 1243 1244 1252
1250 1235 1241 1247
1251 1235 1238 1241 1246
1252 1235 1249
1253 1237 1240 1243 1244
1254 1247 1256 1259
1255 1236 1234 1238 1239 1241 1242 1245 1246
1256 1247 1260 1247 1254
1257 1237 1234 1241
1258 1236 1259 1260 1254
1259 1236 1237 1238 1240 1242 1243 1244 1246 1258
1260 1234 1241 1258 1256